.-------------------.--------------.-----------------.
| 136    136    4   | 7   268  5   | 23    269  389  |
| 2      9      367 | 3-6 68   34  | 1     5    3478 |
| 367    5      8   | 9   1    234 | 2347  26   347  |
:-------------------+--------------+-----------------:
| 5      2      37  | 4   9    8   | 6     1    37   |
| 34678  34678  367 | 5   267  1   | 2347  29   3479 |
| 9      467    1   | 26  3    27  | 247   8    5    |
:-------------------+--------------+-----------------:
| 47     47     2   | 8   5    6   | 9     3    1    |
| 1378   1378   9   | 23  27   237 | 5     4    6    |
| 36     36     5   | 1   4    9   | 8     7    2    |
'-------------------'--------------'-----------------'

#7bf99be0 (6)r25c3
#7bf99b2f r123456789c3
#c19bf9e0 (6)r6c24
#c19bf92f r6c123456789
#9bc4f92f r6c3
