.---------------------.---------------.---------------------.
| 9      23478  1     | 6     5   27  | 378   347     3478  |
| 46     4678   478   | 178   3   179 | 5-789  156-479  2     |
| 236    5      2378  | 1278  29  4   | 3789  16-379   3789  |
:---------------------+---------------+---------------------:
| 234    2347   2347  | 25    29  259 | 6     8       1     |
| 12     12     6     | 3     7   8   | 4     59      59    |
| 8      9      5     | 4     1   6   | 2     37      37    |
:---------------------+---------------+---------------------:
| 13456  1346   34    | 9     8   157 | 357   2       3457  |
| 7      12348  23489 | 125   6   125 | 3589  3459    34589 |
| 25     28     289   | 257   4   3   | 1     579     6     |
'---------------------'---------------'---------------------'

9.165........3...2.5...4.........681..63784..8954162.....98..2.7...6........431.6

#7bf99b6f (1)r1c789 (1)r3c79
#c19bf96f (5)r1c789 (5)r3c79
#9bc4f96f (6)r1c789 (6)r3c79

#7bf99be0 (1)r23c8
#c19bf9e0 (5)r2c78
#9bc4f9e0 (6)r23c8
