.------------------.--------------.----------------------.
| 267   36    9    | 4    8    1  | 5       2367   367   |
| 5     1346  8    | 379  29   37 | 123467  12367  3467  |
| 1247  134   134  | 357  25   6  | 8       9      347   |
:------------------+--------------+----------------------:
| 3     2     156  | 579  569  4  | 1679    8      5679  |
| 8     7     56   | 1    3    2  | 69      4      569   |
| 146   9     1456 | 8    56   57 | 1367    13567  2     |
:------------------+--------------+----------------------:
| 469   8     7    | 2    1    35 | 3469    356    34569 |
| 69    356   356  | 35   4    8  | 27-369   27-356  1     |
| 14    1345  2    | 6    7    9  | 34      35     8     |
'------------------'--------------'----------------------'

..94815..5.8...........689.32...4.8.87.132.4..9.8....2.8721........48..1..2679..8

#7bf99b7f (2)r8c123456789
#c19bf97f (7)r8c123456789
#7bf99be0 (2)r8c78
#c19bf9e0 (7)r8c78