.--------------------.----------------------.--------------------.
| 12356  1268  23678 | 123579  1345  124579 | 2678   67     278  |
| 235    28    2378  | 6       35    257    | 4      9      1    |
| 9      4     267   | 127     8     127    | 267    5      3    |
:--------------------+----------------------+--------------------:
| 03     89    1     | 4       2     578    | 579    07     6    |
| 236    5     23469 | 137     13    17     | 1279   8      2479 |
| 7      28    248   | 158     9     6      | 3      14     24   |
:--------------------+----------------------+--------------------:
| 4      3     69    | 189     7     189    | 1689   2      5    |
| 8      7     5     | 129     146   3      | 169    146    49   |
| 126    1269  269   | 12589   1456  124589 | 16789  13467  4789 |
'--------------------'----------------------'--------------------'

............6..49194..8..53..142...6.5.....8.7...963..43..7..25875..3............

#7bf99b3f (3)r789c789
#7bf99be0 (3)r9c8
