.-----------.------------------.----------.
| 19  7  19 | 1368  168   1368 | 2   5  4 |
| 3   4  5  | 9     2     7    | 6   1  8 |
| 8   6  2  | 145   145   14   | 7   3  9 |
:-----------+------------------+----------:
| 2   9  14 | -1-457  -1-457  14   | 8   6  3 |
| 14  5  6  | 148   3     1489 | 19  2  7 |
| 7   3  8  | 16    169   2    | 19  4  5 |
:-----------+------------------+----------:
| 46  1  7  | 3468  468   3468 | 5   9  2 |
| 69  8  3  | 2     69    5    | 4   7  1 |
| 5   2  49 | 147   1479  149  | 3   8  6 |
'-----------'------------------'----------'

.7....254345927618862...73929....863.56.3..27738..2.45.17...592.832.547152....386

#7bf99be0 (1)r4c36
#c19bf9e0 (4)r4c36
#eeeeeee0 r4c123456789
