.-------------------.---------------.-------------.
| 9    1368   3568  | 7    4    158 | 23  235  18 |
| 348  1348   2     | 6    9    158 | 7   345  18 |
| 48-3  1478-3  4578-3 | 138  358  2   | 4-3  9    6  |
:-------------------+---------------+-------------:
| 1    9      38    | 38   2    6   | 5   7    4  |
| 5    346    346   | 13   37   179 | 69  8    2  |
| 7    2      68    | 4    58   589 | 69  1    3  |
:-------------------+---------------+-------------:
| 6    5      3478  | 2    78   478 | 1   34   9  |
| 234  347    1     | 9    6    47  | 8   234  5  |
| 248  48     9     | 5    1    3   | 24  6    7  |
'-------------------'---------------'-------------'

#7bf99b7f (3)r12c6
#7bf99be0 (3)r3c45

9..74......269.7.......2.9619..265745......8272.4...1365.2..1.9..196.8.5..9513.67
